1 0 -4 8
2 0 -4 7
3 0 0 7
4 0 0 2
5 0 -4 2
6 0 -4 1.5
7 0 0 1.5
8 0 0 0.5
9 0 -4 0.5
10 0 -4 0
11 0 4 0
12 0 4 0.5
13 0 1 0.5
14 0 1 1.5
15 0 4 1.5
16 0 4 2.5
17 0 1 2.5
18 0 1 3.5
19 0 4 3.5
20 0 4 4
21 0 1 4
22 0 1 7
23 0 4 7
24 0 4 8


25 -2 -4 0
26 -2 -4 8 
27 -2 4 8
28 -2 4 0

29 0 -4 2 
30 0 -4 7
31 0 -2 7
32 0 -2 2
33 0 -2 2
34 0 -2 7
35 0 0 7
36 0 0 2 

37 0 -3.99 0.5 
38 0 -3.99 1.5
39 0 0 1.5
40 0 0 0.5
41 -1.8 -3.99 0.5
42 -1.8 -3.99 1.5
43 -1.8 0 1.5
44 -1.8 0 0.5

45 0 1 4
46 0 1 7
47 0 4 7
48 0 4 4

49 0 1 2.5
50 0 1 3.5
51 0 3.99 3.5
52 0 3.99 2.5
53 -1.8 1 2.5
54 -1.8 1 3.5
55 -1.8 3.99 3.5
56 -1.8 3.99 2.5

57 0 1 0.5
58 0 1 1.5
59 0 3.99 1.5
60 0 3.99 0.5
61 -1.8 1 0.5 
62 -1.8 1 1.5
63 -1.8 3.99 1.5
64 -1.8 3.99 0.5






Faces:
1 2 3 4 5 6 7 8 9 10 11 12 13 14 15 16 17 18 19 20 21 22 23 24.
24 23 22 21 20 19 18 17 16 15 14 13 12 11 10 9 8 7 6 5 4 3 2 1.



1 26 27 24.
24 27 26 1.
10 1 26 25.
25 26 1 10.
11 24 27 28.
28 27 24 11.
10 25 28 11.
11 28 25 10.

29 30 31 32.
32 31 30 29.
33 34 35 36.
36 35 34 33.

37 38 39 40.
40 39 38 37.
41 42 43 44.
44 43 42 41.
37 38 42 41.
41 42 38 37.
40 39 43 44.
44 43 39 40.
37 41 44 40.
40 44 41 37.

45 46 47 48.
48 47 46 45.

49 50 51 52.
52 51 50 49.
53 54 55 56.
56 55 54 53.
49 50 54 53.
53 54 50 49.
52 51 55 56.
56 55 51 52.
49 53 56 52.
52 56 53 49.

57 58 59 60.
60 59 58 57.
61 62 63 64.
64 63 62 61.
57 58 62 61.
61 62 58 57.
60 59 63 64.
64 63 59 60.
57 61 64 60.
60 64 61 57.

21 22 46.
46 22 21.
20 23 47.
47 23 20.

25 26 27 28.
28 27 26 25.

